sakura.surface.alias
{
0,[5000]
1,[5001]
2,[5002]
3,[5003]
4,[5004]
5,[5005]
6,[5006]
7,[5007]
8,[5008]
9,[5009]
10,[5010]
11,[5011]
12,[5012]
19,[5019]
20,[5026]
22,[5022]
25,[5025]

30,[5038]
31,[5044]
32,[5233]
33,[5133]
34,[5027]
35,[5029]
36,[5109]
37,[5235]
38,[5052]
39,[5200]

40,[5039]
41,[5060]
42,[5061]
43,[5063]
44,[5017]
45,[5064]
46,[5065]
47,[5066]
48,[5067]
49,[5037]

50,[5054]
51,[5021]
52,[5053]
53,[5236]
54,[5079]
55,[5028]
56,[5041]
57,[5059]
58,[5023]
59,[5202]

60,[5020]
61,[5106]
62,[5031]
63,[5032]
64,[5040]
65,[5042]
66,[5107]
67,[5199]
68,[5069]
69,[5234]

70,[5071]
71,[5072]
72,[5056]
73,[5057]
74,[5030]
75,[5055]
76,[5196]
77,[5111]
78,[5214]
79,[5156]

80,[5112]
81,[5113]
82,[5114]
83,[5115]
84,[5116]
85,[5117]
86,[5118]
87,[5119]
88,[5120]
89,[5242]

90,[5243]

130,[5084]
131,[5085]
132,[5086]
133,[5016]
134,[5100]
135,[5101]
136,[5033]
137,[5034]
138,[5058]
139,[5062]

140,[5087]
141,[5088]
142,[5089]
143,[5090]
144,[5091]
145,[5092]
146,[5108]
147,[5093]
148,[5082]
149,[5260]

150,[5018]
151,[5068]
152,[5050]
153,[5051]
154,[5080]
155,[5081]
156,[5203]
157,[5254]
158,[5255]


200,[5110]
201,[5013]
202,[5024]
203,[5015]
204,[5215]
205,[5216]
206,[5217]
207,[5218]
208,[5014]
209,[5035]

210,[5073]
211,[5076]
212,[5078]
213,[5201]
214,[5105]
215,[5083]
216,[5229]
217,[5230]
218,[5231]
219,[5232]

220,[5219]
221,[5220]
222,[5221]
223,[5222]
224,[5223]
225,[5224]
226,[5225]
227,[5226]
228,[5227]
229,[5228]

230,[5045]
231,[5046]
232,[5047]
233,[5048]
234,[5049]
235,[5043]
236,[5036]
237,[5256]
238,[5259]

}

kero.surface.alias
{
0,[5000]
1,[5001]
2,[5002]
3,[5003]
4,[5004]
5,[5005]
6,[5006]
7,[5007]
8,[5008]
9,[5009]
10,[5010]
11,[5011]
12,[5012]
19,[5019]
20,[5026]
22,[5022]
25,[5025]

30,[5038]
31,[5044]
32,[5233]
33,[5133]
34,[5027]
35,[5029]
36,[5109]
37,[5235]
38,[5052]
39,[5200]

40,[5039]
41,[5060]
42,[5061]
43,[5063]
44,[5017]
45,[5064]
46,[5065]
47,[5066]
48,[5067]
49,[5037]

50,[5054]
51,[5021]
52,[5053]
53,[5236]
54,[5079]
55,[5028]
56,[5041]
57,[5059]
58,[5023]
59,[5202]

60,[5020]
61,[5106]
62,[5031]
63,[5032]
64,[5040]
65,[5042]
66,[5107]
67,[5199]
68,[5069]
69,[5234]

70,[5071]
71,[5072]
72,[5056]
73,[5057]
74,[5030]
75,[5055]
76,[5196]
77,[5111]
78,[5214]
79,[5156]

80,[5112]
81,[5113]
82,[5114]
83,[5115]
84,[5116]
85,[5117]
86,[5118]
87,[5119]
88,[5120]
89,[5242]

90,[5243]

130,[5084]
131,[5085]
132,[5086]
133,[5016]
134,[5100]
135,[5101]
136,[5033]
137,[5034]
138,[5058]
139,[5062]

140,[5087]
141,[5088]
142,[5089]
143,[5090]
144,[5091]
145,[5092]
146,[5108]
147,[5093]
148,[5082]
149,[5260]

150,[5018]
151,[5068]
152,[5050]
153,[5051]
154,[5080]
155,[5081]
156,[5203]
157,[5254]
158,[5255]


200,[5110]
201,[5013]
202,[5024]
203,[5015]
204,[5215]
205,[5216]
206,[5217]
207,[5218]
208,[5014]
209,[5035]

210,[5073]
211,[5076]
212,[5078]
213,[5201]
214,[5105]
215,[5083]
216,[5229]
217,[5230]
218,[5231]
219,[5232]

220,[5219]
221,[5220]
222,[5221]
223,[5222]
224,[5223]
225,[5224]
226,[5225]
227,[5226]
228,[5227]
229,[5228]

230,[5045]
231,[5046]
232,[5047]
233,[5048]
234,[5049]
235,[5043]
236,[5036]
237,[5256]
238,[5259]

}